3 0.3828125 0.119140625 0.380859375 0.107421875 0.384765625 0.09765625 0.38671875 0.09765625 0.390625 0.10546875 0.390625 0.1171875 0.384765625 0.119140625
2 0.45703125 0.6953125 0.466796875 0.716796875 0.466796875 0.724609375 0.470703125 0.73046875 0.470703125 0.7421875 0.478515625 0.76171875 0.482421875 0.78515625 0.486328125 0.791015625 0.4921875 0.8125 0.490234375 0.83203125 0.4765625 0.845703125 0.46875 0.845703125 0.4609375 0.8359375 0.455078125 0.8046875 0.4453125 0.77734375 0.443359375 0.759765625 0.435546875 0.740234375 0.435546875 0.73046875 0.43359375 0.728515625 0.43359375 0.71484375 0.435546875 0.7109375 0.4453125 0.701171875 0.455078125 0.6953125
2 0.1640625 0.685546875 0.177734375 0.671875 0.1875 0.671875 0.1953125 0.6796875 0.197265625 0.68359375 0.197265625 0.712890625 0.189453125 0.728515625 0.18359375 0.732421875 0.17578125 0.75 0.16015625 0.76953125 0.14453125 0.80078125 0.138671875 0.806640625 0.130859375 0.8203125 0.119140625 0.83203125 0.115234375 0.833984375 0.107421875 0.833984375 0.10546875 0.83203125 0.09375 0.8046875 0.095703125 0.796875 0.107421875 0.77734375 0.11328125 0.771484375 0.123046875 0.75 0.126953125 0.748046875 0.146484375 0.7109375 0.1640625 0.6875
2 0.5791015625 0.4599609375 0.068359375 0.0673828125
2 0.57421875 0.982421875 0.578125 0.986328125 0.580078125 0.998046875 0.5546875 0.998046875 0.556640625 0.990234375 0.5625 0.984375 0.572265625 0.982421875
2 0.5 0.875 0.509765625 0.89453125 0.51953125 0.923828125 0.533203125 0.947265625 0.53515625 0.9609375 0.537109375 0.962890625 0.537109375 0.9765625 0.529296875 0.990234375 0.51953125 0.998046875 0.513671875 0.9921875 0.505859375 0.9765625 0.50390625 0.966796875 0.490234375 0.943359375 0.490234375 0.9375 0.484375 0.927734375 0.478515625 0.908203125 0.478515625 0.8984375 0.484375 0.884765625 0.4921875 0.875 0.498046875 0.875
2 0.4755859375 0.24609375 0.0517578125 0.11328125
2 0.283203125 0.36328125 0.314453125 0.404296875 0.330078125 0.4296875 0.330078125 0.443359375 0.322265625 0.4609375 0.314453125 0.466796875 0.310546875 0.46484375 0.2890625 0.4375 0.287109375 0.431640625 0.279296875 0.423828125 0.267578125 0.404296875 0.265625 0.392578125 0.271484375 0.375 0.28125 0.365234375
2 0.35520833333333335 0.002777777777777778 0.3890625 0.08796296296296297 0.39166666666666666 0.10555555555555556 0.4088541666666667 0.13703703703703704 0.4119791666666667 0.13796296296296298 0.43072916666666666 0.11574074074074074 0.4348958333333333 0.10555555555555556 0.42343749999999997 0.075 0.4083333333333333 0.018518518518518517 0.39947916666666666 0 0.35520833333333335 0 0.35520833333333335 0.002777777777777778
2 0.24739583333333334 0.2351851851851852 0.30833333333333335 0.3601851851851852 0.3229166666666667 0.40185185185185185 0.3286458333333333 0.4027777777777778 0.35625 0.36388888888888893 0.3572916666666667 0.35555555555555557 0.35520833333333335 0.3462962962962963 0.315625 0.2675925925925926 0.28489583333333335 0.19907407407407407 0.27760416666666665 0.19074074074074074 0.26927083333333335 0.19074074074074074 0.253125 0.21481481481481482 0.24635416666666665 0.22685185185185186 0.24739583333333334 0.2351851851851852
