1 0.7421875 0.95703125 0.748046875 0.9609375 0.759765625 0.958984375 0.771484375 0.97265625 0.775390625 0.984375 0.775390625 0.990234375 0.7734375 0.990234375 0.75390625 0.98046875 0.748046875 0.974609375 0.74609375 0.96484375 0.7421875 0.958984375
1 0.73828125 0.970703125 0.740234375 0.97265625 0.740234375 0.978515625 0.74609375 0.986328125 0.74609375 0.998046875 0.73046875 0.998046875 0.73046875 0.984375 0.734375 0.98046875 0.736328125 0.97265625
1 0.7421875 0.919921875 0.74609375 0.919921875 0.759765625 0.9375 0.759765625 0.955078125 0.7578125 0.958984375 0.755859375 0.9609375 0.7421875 0.958984375 0.73828125 0.951171875 0.740234375 0.94921875 0.740234375 0.923828125 0.7421875 0.921875
0 0.75 0.009765625 0.7578125 0.01953125 0.7578125 0.0390625 0.759765625 0.041015625 0.759765625 0.05078125 0.7578125 0.052734375 0.7578125 0.0859375 0.755859375 0.087890625 0.755859375 0.095703125 0.7578125 0.09765625 0.755859375 0.1015625 0.755859375 0.130859375 0.7578125 0.13671875 0.755859375 0.138671875 0.755859375 0.154296875 0.75390625 0.15625 0.75390625 0.181640625 0.751953125 0.18359375 0.751953125 0.19140625 0.74609375 0.203125 0.73828125 0.208984375 0.73046875 0.208984375 0.728515625 0.2109375 0.720703125 0.2109375 0.71484375 0.20703125 0.708984375 0.1953125 0.708984375 0.18359375 0.70703125 0.181640625 0.70703125 0.16015625 0.708984375 0.158203125 0.708984375 0.14453125 0.7109375 0.142578125 0.7109375 0.123046875 0.708984375 0.12109375 0.708984375 0.115234375 0.7109375 0.11328125 0.7109375 0.037109375 0.712890625 0.03515625 0.71484375 0.021484375 0.720703125 0.013671875 0.736328125 0.0078125 0.748046875 0.009765625
0 0.12109375 0.130859375 0.134765625 0.15234375 0.134765625 0.158203125 0.138671875 0.16796875 0.138671875 0.21484375 0.140625 0.216796875 0.140625 0.236328125 0.142578125 0.23828125 0.142578125 0.26171875 0.14453125 0.263671875 0.14453125 0.27734375 0.150390625 0.287109375 0.150390625 0.302734375 0.146484375 0.306640625 0.142578125 0.32421875 0.12890625 0.33203125 0.107421875 0.328125 0.099609375 0.318359375 0.099609375 0.3046875 0.09765625 0.302734375 0.09765625 0.29296875 0.095703125 0.291015625 0.09375 0.271484375 0.091796875 0.26953125 0.08984375 0.22265625 0.0859375 0.208984375 0.0859375 0.154296875 0.087890625 0.15234375 0.087890625 0.14453125 0.091796875 0.13671875 0.099609375 0.12890625 0.1171875 0.12890625 0.119140625 0.130859375
0 0.021484375 0.189453125 0.02734375 0.19921875 0.02734375 0.21484375 0.029296875 0.216796875 0.029296875 0.228515625 0.02734375 0.23046875 0.029296875 0.28515625 0.03125 0.287109375 0.03125 0.29296875 0.041015625 0.310546875 0.041015625 0.330078125 0.03515625 0.337890625 0.03125 0.3515625 0.01953125 0.359375 0.013671875 0.359375 0 0.353515625 0 0.1640625 0.009765625 0.16796875 0.01171875 0.177734375 0.01953125 0.189453125
0 0.943359375 0.001953125 0.947265625 0.009765625 0.947265625 0.046875 0.94921875 0.048828125 0.94921875 0.11328125 0.947265625 0.115234375 0.947265625 0.126953125 0.9453125 0.12890625 0.9453125 0.154296875 0.947265625 0.158203125 0.939453125 0.181640625 0.923828125 0.193359375 0.91796875 0.193359375 0.916015625 0.1953125 0.8984375 0.1953125 0.888671875 0.16796875 0.888671875 0.154296875 0.89453125 0.142578125 0.89453125 0.10546875 0.896484375 0.103515625 0.89453125 0.03125 0.900390625 0.025390625 0.90234375 0.013671875 0.91015625 0.001953125 0.923828125 0.001953125 0.92578125 0 0.94140625 0.001953125
0 0.255859375 0.12109375 0.26171875 0.125 0.267578125 0.142578125 0.271484375 0.255859375 0.275390625 0.267578125 0.2734375 0.294921875 0.26953125 0.30078125 0.26171875 0.3046875 0.251953125 0.3046875 0.244140625 0.30078125 0.240234375 0.296875 0.234375 0.28125 0.232421875 0.20703125 0.23046875 0.205078125 0.228515625 0.130859375 0.234375 0.123046875 0.25390625 0.12109375
0 0.197265625 0.125 0.205078125 0.1328125 0.205078125 0.13671875 0.208984375 0.142578125 0.208984375 0.15625 0.212890625 0.162109375 0.212890625 0.181640625 0.2109375 0.185546875 0.212890625 0.1875 0.21484375 0.2734375 0.216796875 0.275390625 0.216796875 0.298828125 0.21484375 0.30078125 0.21484375 0.306640625 0.212890625 0.3125 0.203125 0.3203125 0.185546875 0.318359375 0.177734375 0.310546875 0.173828125 0.298828125 0.173828125 0.2890625 0.171875 0.287109375 0.171875 0.26953125 0.166015625 0.255859375 0.16796875 0.251953125 0.166015625 0.1328125 0.173828125 0.125 0.1796875 0.125 0.181640625 0.123046875 0.1953125 0.125
0 0.875 0.017578125 0.87890625 0.01953125 0.8828125 0.029296875 0.8828125 0.06640625 0.884765625 0.068359375 0.884765625 0.0859375 0.8828125 0.087890625 0.8828125 0.099609375 0.880859375 0.1015625 0.880859375 0.130859375 0.876953125 0.14453125 0.876953125 0.171875 0.8671875 0.193359375 0.857421875 0.19921875 0.849609375 0.19921875 0.84765625 0.201171875 0.83984375 0.19921875 0.833984375 0.193359375 0.83203125 0.181640625 0.828125 0.173828125 0.828125 0.16015625 0.833984375 0.1484375 0.83203125 0.146484375 0.833984375 0.1171875 0.83203125 0.115234375 0.833984375 0.11328125 0.8359375 0.0703125 0.833984375 0.068359375 0.833984375 0.0546875 0.83203125 0.052734375 0.833984375 0.05078125 0.833984375 0.041015625 0.841796875 0.025390625 0.84765625 0.01953125 0.8515625 0.017578125 0.873046875 0.017578125
0 0.423828125 0.1962890625 0.0419921875 0.1650390625
