1 0.255859375 0.95703125 0.25 0.974609375 0.244140625 0.98046875 0.23046875 0.98828125 0.22265625 0.990234375 0.22265625 0.984375 0.2265625 0.97265625 0.232421875 0.96484375 0.23828125 0.958984375 0.2421875 0.9609375 0.25390625 0.958984375
1 0.259765625 0.970703125 0.263671875 0.98046875 0.267578125 0.984375 0.267578125 0.998046875 0.251953125 0.998046875 0.251953125 0.986328125 0.2578125 0.978515625 0.2578125 0.97265625
1 0.255859375 0.919921875 0.2578125 0.923828125 0.2578125 0.94921875 0.259765625 0.951171875 0.2578125 0.95703125 0.251953125 0.9609375 0.25 0.958984375 0.248046875 0.9609375 0.2421875 0.9609375 0.240234375 0.958984375 0.23828125 0.955078125 0.23828125 0.9375 0.24609375 0.92578125 0.25390625 0.919921875
0 0.26953125 0.009765625 0.28125 0.017578125 0.287109375 0.037109375 0.287109375 0.11328125 0.2890625 0.115234375 0.287109375 0.142578125 0.2890625 0.14453125 0.2890625 0.158203125 0.291015625 0.16015625 0.291015625 0.181640625 0.2890625 0.18359375 0.287109375 0.201171875 0.27734375 0.2109375 0.259765625 0.208984375 0.251953125 0.203125 0.24609375 0.19140625 0.24609375 0.18359375 0.244140625 0.181640625 0.244140625 0.15625 0.2421875 0.154296875 0.2421875 0.138671875 0.240234375 0.13671875 0.2421875 0.130859375 0.2421875 0.1015625 0.240234375 0.099609375 0.2421875 0.087890625 0.240234375 0.0859375 0.240234375 0.052734375 0.23828125 0.05078125 0.240234375 0.01953125 0.248046875 0.009765625 0.25390625 0.009765625 0.255859375 0.0078125 0.267578125 0.009765625
0 0.8818359375 0.232421875 0.06640625 0.205078125
0 0.978515625 0.263671875 0.0419921875 0.1962890625
0 0.087890625 0.001953125 0.095703125 0.013671875 0.09765625 0.025390625 0.103515625 0.03125 0.1015625 0.103515625 0.103515625 0.10546875 0.103515625 0.142578125 0.109375 0.154296875 0.109375 0.16796875 0.099609375 0.1953125 0.08203125 0.1953125 0.068359375 0.189453125 0.05859375 0.181640625 0.05078125 0.158203125 0.052734375 0.154296875 0.052734375 0.12890625 0.05078125 0.126953125 0.05078125 0.115234375 0.048828125 0.11328125 0.05078125 0.009765625 0.0546875 0.001953125 0.060546875 0.001953125 0.0625 0 0.0859375 0.001953125
0 0.7578125 0.12109375 0.763671875 0.123046875 0.76953125 0.130859375 0.763671875 0.28125 0.7578125 0.296875 0.74609375 0.3046875 0.736328125 0.3046875 0.7265625 0.298828125 0.72265625 0.28515625 0.72265625 0.267578125 0.7265625 0.255859375 0.73046875 0.142578125 0.736328125 0.125 0.7421875 0.12109375 0.755859375 0.12109375
0 0.82421875 0.125 0.83203125 0.1328125 0.83203125 0.193359375 0.830078125 0.1953125 0.830078125 0.251953125 0.83203125 0.255859375 0.826171875 0.26953125 0.826171875 0.287109375 0.82421875 0.2890625 0.82421875 0.298828125 0.8203125 0.310546875 0.8125 0.318359375 0.806640625 0.3203125 0.794921875 0.3203125 0.791015625 0.318359375 0.78515625 0.3125 0.78125 0.298828125 0.783203125 0.2421875 0.78515625 0.240234375 0.78515625 0.1875 0.787109375 0.185546875 0.78515625 0.181640625 0.78515625 0.162109375 0.7890625 0.15625 0.7890625 0.142578125 0.794921875 0.12890625 0.80859375 0.123046875 0.822265625 0.125
0 0.146484375 0.017578125 0.15625 0.025390625 0.1640625 0.041015625 0.1640625 0.05078125 0.166015625 0.052734375 0.1640625 0.0546875 0.1640625 0.068359375 0.162109375 0.0703125 0.1640625 0.11328125 0.166015625 0.115234375 0.1640625 0.1171875 0.1640625 0.1328125 0.166015625 0.134765625 0.166015625 0.146484375 0.1640625 0.1484375 0.169921875 0.16015625 0.169921875 0.173828125 0.166015625 0.181640625 0.1640625 0.193359375 0.154296875 0.201171875 0.140625 0.19921875 0.130859375 0.193359375 0.12109375 0.171875 0.12109375 0.14453125 0.1171875 0.130859375 0.1171875 0.1015625 0.115234375 0.099609375 0.115234375 0.087890625 0.11328125 0.0859375 0.115234375 0.029296875 0.1171875 0.0234375 0.123046875 0.017578125 0.14453125 0.017578125
0 0.58984375 0.115234375 0.59375 0.119140625 0.59375 0.1953125 0.591796875 0.197265625 0.59375 0.224609375 0.591796875 0.2265625 0.591796875 0.255859375 0.58984375 0.2578125 0.587890625 0.271484375 0.583984375 0.275390625 0.5625 0.275390625 0.556640625 0.271484375 0.5546875 0.265625 0.5546875 0.181640625 0.556640625 0.1796875 0.5546875 0.169921875 0.556640625 0.16796875 0.556640625 0.119140625 0.55859375 0.115234375 0.560546875 0.11328125 0.5859375 0.11328125 0.587890625 0.115234375
