3 0.28125 0.888671875 0.291015625 0.888671875 0.298828125 0.8828125 0.298828125 0.890625 0.29296875 0.904296875 0.287109375 0.912109375 0.2734375 0.921875 0.26953125 0.919921875 0.271484375 0.91796875 0.271484375 0.91015625 0.2734375 0.908203125 0.2734375 0.90234375 0.28125 0.890625
3 0.291015625 0.84765625 0.296875 0.84375 0.298828125 0.84765625 0.298828125 0.865234375 0.302734375 0.87109375 0.302734375 0.87890625 0.298828125 0.88671875 0.29296875 0.88671875 0.291015625 0.888671875 0.28515625 0.888671875 0.283203125 0.88671875 0.28125 0.87109375 0.283203125 0.869140625 0.283203125 0.86328125 0.291015625 0.849609375
3 0.3046875 0.89453125 0.306640625 0.89453125 0.30859375 0.90625 0.314453125 0.91015625 0.314453125 0.923828125 0.310546875 0.9375 0.306640625 0.943359375 0.294921875 0.94140625 0.298828125 0.935546875 0.298828125 0.916015625 0.3046875 0.904296875 0.3046875 0.896484375
2 0.2578125 0.0537109375 0.0576171875 0.1083984375
2 0.91015625 0 0.912109375 0.001953125 0.912109375 0.015625 0.91015625 0.017578125 0.91015625 0.03515625 0.908203125 0.037109375 0.908203125 0.068359375 0.90625 0.0703125 0.90625 0.078125 0.90234375 0.0859375 0.884765625 0.095703125 0.869140625 0.095703125 0.865234375 0.09375 0.861328125 0.08984375 0.859375 0.080078125 0.853515625 0.0703125 0.853515625 0.056640625 0.859375 0.048828125 0.859375 0.00390625 0.8671875 0 0.908203125 0
2 0.998046875 0.001953125 0.998046875 0.1015625 0.994140625 0.103515625 0.98828125 0.103515625 0.9765625 0.095703125 0.97265625 0.080078125 0.96875 0.07421875 0.96875 0.05859375 0.9765625 0.037109375 0.974609375 0.005859375 0.978515625 0.001953125 0.99609375 0.001953125
2 0.041015625 0 0.05078125 0 0.052734375 0.001953125 0.0546875 0 0.078125 0 0.08203125 0.00390625 0.09375 0.029296875 0.095703125 0.05078125 0.09765625 0.052734375 0.095703125 0.06640625 0.1015625 0.08203125 0.1015625 0.103515625 0.091796875 0.123046875 0.083984375 0.126953125 0.0703125 0.126953125 0.0625 0.123046875 0.0546875 0.11328125 0.05078125 0.107421875 0.048828125 0.068359375 0.041015625 0.048828125 0.041015625 0.013671875 0.0390625 0.01171875 0.041015625 0.0078125 0.0390625 0.00390625 0.041015625 0.001953125
2 0.7470703125 0.0517578125 0.04296875 0.1025390625
2 0.78515625 0 0.830078125 0 0.83203125 0.00390625 0.830078125 0.009765625 0.833984375 0.021484375 0.830078125 0.033203125 0.830078125 0.072265625 0.828125 0.07421875 0.828125 0.08203125 0.818359375 0.09765625 0.806640625 0.103515625 0.796875 0.103515625 0.79296875 0.1015625 0.783203125 0.076171875 0.783203125 0.0625 0.78515625 0.060546875 0.783203125 0.00390625 0.78515625 0.001953125
2 0.1337890625 0.0615234375 0.0634765625 0.123046875
2 0.5693359375 0.0546875 0.04296875 0.1103515625
