2 0.9599478895257947 0.3124559777571826 0.06327774882751433 0.19064874884151994
2 0.041688379364252216 0.2945875810936052 0.053600833767587286 0.17608897126969417
2 0.10198540906722252 0.30649675625579237 0.05657634184471078 0.17873957367933274
2 0.1641479937467431 0.30253012048192773 0.054346013548723295 0.17608897126969417
2 0.22332985930171964 0.29855421686746986 0.055085982282438765 0.18933271547729377
2 0.27990620114643044 0.29789620018535684 0.047644606565919755 0.1641705282669138
2 0.34467430953621675 0.29789620018535684 0.053600833767587286 0.17476367006487487
2 0.41130276185513287 0.31510658016682114 0.05136529442417925 0.20654309545875812
2 0.47569567483064096 0.30451343836886 0.05062011464304325 0.17741427247451344
2 0.539343408025013 0.31510658016682114 0.04392391870766024 0.16947173308619093
2 0.4507556018759771 0.9309545875810936 0.04689942678478374 0.1380908248378128
2 0.3911985409067223 0.9241334569045412 0.048389786347055756 0.14828544949026876
2 0.3148983845752996 0.9203614457831326 0.05062011464304325 0.15927710843373497
2 0.2531057842626368 0.9157275254865617 0.04913496612819177 0.16854494902687675
2 0.19243877019280878 0.9190361445783133 0.05285565398645128 0.16191844300278035
2 0.13809275664408546 0.9216867469879518 0.0573215216258468 0.1566265060240964
2 0.08449192287649816 0.9216867469879518 0.0573215216258468 0.1566265060240964
2 0.02829077644606566 0.9236700648748841 0.05657634184471078 0.15265060240963857
3 0.520734757686295 0.10790546802594995 0.026055237102657634 0.043688600556070434
3 0.09603439291297551 0.11055607043558852 0.0401980198019802 0.04633920296570899
3 0.098264721208963 0.16218721037998146 0.0401980198019802 0.03839666357738647
3 0.08672746221990621 0.675227062094532 0.042433559145388225 0.03707136237256719
3 0.08709744658676394 0.7096478220574607 0.0401980198019802 0.04236329935125116
3 0.5683741532047942 0.23037071362372566 0.015633142261594582 0.034420759962928635
3 0.5992704533611256 0.22242817423540315 0.016378322042730587 0.034420759962928635
3 0.4615476810838979 0.1972752548656163 0.02829077644606566 0.026478220574606116
3 0.5356227201667535 0.4415477293790547 0.018608650338718082 0.03309545875810936
3 0.5218499218342887 0.43029657089898055 0.016378322042730587 0.031779425393883225