1 0.49914538822303284 0.18072289156626506 0.017123501823866596 0.027803521779425393
1 0.6216050026055236 0.19528266913809084 0.016378322042730587 0.02515291936978684
1 0.5501354872329338 0.47994439295644115 0.013397602918186556 0.022511584800741426
1 0.39827514330380404 0.5163484708063021 0.022334549244398125 0.031779425393883225
1 0.2572016675351746 0.49252085264133455 0.018608650338718082 0.015885078776645044
1 0.2006253256904638 0.5163484708063021 0.02307972902553413 0.02912882298424467
1 0.31005732152162585 0.5428266913809083 0.021589369463262117 0.02118628359592215
1 0.31303282959874934 0.5832159406858202 0.024564877540385617 0.035746061167747915
1 0.40348619072433556 0.593141797961075 0.014887962480458572 0.031779425393883225
1 0.4187441375716519 0.7262001853568119 0.012657634184471078 0.02515291936978684
1 0.3606774361646691 0.7897497683039851 0.015633142261594582 0.035746061167747915
1 0.7243355914538823 0.7487117701575533 0.016378322042730587 0.030454124189063948
