1 0.29256383533090147 0.07083410565338277 0.013397602918186556 0.027803521779425393
1 0.30000521104742056 0.09797034291010194 0.022334549244398125 0.03707136237256719
1 0.7068421052631579 0.18403151065801668 0.024564877540385617 0.03707136237256719
1 0.8735956227201668 0.11055607043558852 0.03350182386659719 0.041047265987025024
1 0.9052318916102137 0.22044485634847083 0.029775924960917143 0.041047265987025024
1 0.8762011464304326 0.22375347544022242 0.029775924960917143 0.03972196478220574
1 0.9443147472642002 0.07546802594995367 0.026055237102657634 0.045013901760889714
1 0.7608129233976029 0.4408804448563485 0.025310057321521626 0.034420759962928635
1 0.7812871287128713 0.47133456904541243 0.0200990099009901 0.02912882298424467
1 0.3245752996352267 0.6659592215013902 0.01935383011985409 0.04236329935125116
1 0.32532047941636266 0.7089898053753475 0.02381969775924961 0.035746061167747915
0 0.04987493486190724 0.43161260426320663 0.09975508077123502 0.09002780352177943
0 0.029775924960917143 0.8771362372567192 0.059551849921834286 0.19462465245597776
0 0.2050911933298593 0.7890917516218721 0.06327774882751433 0.19329935125115846
0 0.2471547681083898 0.9130769230769231 0.055085982282438765 0.1738368860055607
0 0.30633663366336633 0.9269786839666359 0.048389786347055756 0.1460333642261353
0 0.36551849921834284 0.9263206672845227 0.047644606565919755 0.14735866543095458
0 0.4198593017196457 0.9316126042632067 0.04615424700364773 0.13676552363299352
0 0.4809067222511725 0.9249953660797035 0.053600833767587286 0.15000926784059315
0 0.5412037519541427 0.9223447636700649 0.043178738926524234 0.1553012048192771
0 0.605971860343929 0.9249953660797035 0.05211047420531527 0.15000926784059315
0 0.684137571651902 0.9289712696941613 0.05211047420531527 0.1420667284522706
0 0.7433194372068787 0.9362465245597776 0.05136529442417925 0.1274976830398517
0 0.8400937988535696 0.3164318813716404 0.05881188118811881 0.17741427247451344
0 0.7704898384575299 0.303855421686747 0.05211047420531527 0.17873957367933274
0 0.7064669098488796 0.3164318813716404 0.055085982282438765 0.20389249304911955
0 0.6402136529442417 0.2972289156626506 0.05211047420531527 0.17079703429101017
0 0.5698645127670662 0.29855421686746986 0.04987493486190724 0.16814643188137166
0 0.5125429911412194 0.2972289156626506 0.05136529442417925 0.18668211306765525
0 0.4488952579468473 0.29987951807228913 0.04615424700364773 0.1734383688600556
0 0.384872329338197 0.30649675625579237 0.047644606565919755 0.1734383688600556
0 0.3290411672746222 0.2912789620018536 0.04615424700364773 0.17211306765523635
0 0.2642730588848358 0.2912789620018536 0.053600833767587286 0.20124189063948097
1 0.33350703491401773 0.09797034291010194 0.022334549244398125 0.026478220574606116
1 0.34467430953621675 0.16351251158480073 0.022334549244398125 0.03839666357738647
