0 0.4707116788321168 0.3405775075987842 0.029032846715328468 0.05942249240121581
0 0.4441788321167883 0.4393617021276596 0.030693430656934306 0.060790273556231005
0 0.4491605839416058 0.5664437689969605 0.03235401459854015 0.06908814589665653
0 0.39607664233576645 0.5284498480243162 0.035675182481751826 0.06768996960486322
0 0.34505474452554746 0.6700607902735563 0.03151459854014598 0.06632218844984802
0 0.333029197080292 0.8075379939209727 0.034014598540145984 0.07045592705167174
0 0.8360948905109489 0.24246200607902735 0.034835766423357666 0.07322188449848024
0 0.858485401459854 0.18030395136778116 0.029854014598540146 0.05112462006079027
0 0.8721715328467153 0.12848024316109424 0.02737226277372263 0.05525835866261398
0 0.8846167883211679 0.06562310030395137 0.024051094890510948 0.05112462006079027
0 0.6938503649635037 0.9724924012158055 0.03235401459854015 0.05498480243161094
