1 0.3828125 0.87890625 0.388671875 0.87890625 0.390625 0.880859375 0.390625 0.892578125 0.38671875 0.900390625 0.3828125 0.8984375 0.3828125 0.892578125 0.380859375 0.890625 0.3828125 0.880859375
0 0.486328125 0.16015625 0.4921875 0.171875 0.490234375 0.1953125 0.482421875 0.212890625 0.478515625 0.236328125 0.470703125 0.255859375 0.470703125 0.267578125 0.466796875 0.2734375 0.466796875 0.28125 0.45703125 0.302734375 0.453125 0.302734375 0.4453125 0.296875 0.43359375 0.283203125 0.435546875 0.2578125 0.443359375 0.23828125 0.4453125 0.220703125 0.455078125 0.193359375 0.4609375 0.162109375 0.46875 0.15234375 0.4765625 0.15234375 0.484375 0.16015625
0 0.115234375 0.1640625 0.130859375 0.177734375 0.138671875 0.19140625 0.14453125 0.197265625 0.154296875 0.21875 0.17578125 0.248046875 0.177734375 0.255859375 0.18359375 0.265625 0.189453125 0.26953125 0.197265625 0.28515625 0.197265625 0.314453125 0.1875 0.326171875 0.177734375 0.326171875 0.158203125 0.3046875 0.140625 0.27734375 0.140625 0.2734375 0.1328125 0.263671875 0.126953125 0.25 0.123046875 0.248046875 0.11328125 0.2265625 0.107421875 0.220703125 0.09375 0.197265625 0.09765625 0.181640625 0.10546875 0.166015625 0.107421875 0.1640625 0.11328125 0.1640625
0 0.564453125 0.5078125 0.568359375 0.51171875 0.6015625 0.51953125 0.611328125 0.529296875 0.611328125 0.5546875 0.609375 0.556640625 0.609375 0.5625 0.603515625 0.5703125 0.583984375 0.56640625 0.568359375 0.556640625 0.552734375 0.552734375 0.546875 0.548828125 0.544921875 0.544921875 0.544921875 0.529296875 0.546875 0.52734375 0.548828125 0.5078125 0.55078125 0.505859375 0.560546875 0.505859375 0.5625 0.5078125
0 0.5546875 0 0.580078125 0 0.578125 0.01171875 0.57421875 0.015625 0.5625 0.013671875 0.556640625 0.0078125 0.5546875 0.001953125
0 0.5234375 0.001953125 0.529296875 0.0078125 0.537109375 0.021484375 0.537109375 0.03515625 0.53515625 0.037109375 0.533203125 0.05078125 0.51953125 0.07421875 0.509765625 0.103515625 0.5 0.123046875 0.4921875 0.123046875 0.484375 0.11328125 0.478515625 0.099609375 0.478515625 0.08984375 0.484375 0.0703125 0.48828125 0.06640625 0.490234375 0.0546875 0.50390625 0.03125 0.505859375 0.021484375 0.513671875 0.005859375 0.51953125 0 0.521484375 0.001953125
0 0.484375 0.697265625 0.5 0.71484375 0.5 0.7265625 0.49609375 0.734375 0.494140625 0.748046875 0.486328125 0.763671875 0.486328125 0.76953125 0.482421875 0.77734375 0.478515625 0.794921875 0.470703125 0.806640625 0.46484375 0.806640625 0.455078125 0.796875 0.451171875 0.791015625 0.451171875 0.77734375 0.462890625 0.744140625 0.466796875 0.73828125 0.466796875 0.732421875 0.474609375 0.716796875 0.478515625 0.69921875 0.482421875 0.697265625
0 0.310546875 0.533203125 0.314453125 0.53125 0.322265625 0.537109375 0.330078125 0.5546875 0.330078125 0.568359375 0.326171875 0.572265625 0.322265625 0.58203125 0.283203125 0.634765625 0.271484375 0.623046875 0.265625 0.60546875 0.267578125 0.59375 0.279296875 0.57421875 0.287109375 0.56640625 0.2890625 0.560546875 0.30078125 0.544921875 0.310546875 0.53515625
0 0.4348958333333333 0.8944444444444445 0.43072916666666666 0.8842592592592593 0.4119791666666667 0.862037037037037 0.4088541666666667 0.8629629629629629 0.39166666666666666 0.8944444444444445 0.3890625 0.912037037037037 0.35520833333333335 0.9972222222222222 0.35520833333333335 1 0.39947916666666666 1 0.4083333333333333 0.9814814814814815 0.42343749999999997 0.925 0.4348958333333333 0.8944444444444445
0 0.26927083333333335 0.8092592592592592 0.27760416666666665 0.8092592592592592 0.28489583333333335 0.8009259259259259 0.315625 0.7324074074074074 0.35520833333333335 0.6537037037037037 0.3572916666666667 0.6444444444444444 0.35625 0.6361111111111111 0.3286458333333333 0.5972222222222222 0.3229166666666667 0.5981481481481481 0.30833333333333335 0.6398148148148148 0.24739583333333334 0.7648148148148148 0.24635416666666665 0.7731481481481481 0.253125 0.7851851851851852 0.26927083333333335 0.8092592592592592
