3 0.3896484375 0.78515625 0.0126953125 0.0244140625
2 0.56640625 0.400390625 0.578125 0.40625 0.5859375 0.40625 0.59375 0.41015625 0.60546875 0.412109375 0.611328125 0.41796875 0.61328125 0.421875 0.61328125 0.4375 0.611328125 0.439453125 0.611328125 0.44921875 0.60546875 0.4609375 0.595703125 0.4609375 0.5859375 0.455078125 0.576171875 0.453125 0.572265625 0.44921875 0.56640625 0.44921875 0.546875 0.44140625 0.546875 0.41015625 0.548828125 0.408203125 0.548828125 0.400390625 0.55078125 0.396484375 0.564453125 0.400390625
2 0.48046875 0 0.50390625 0 0.50390625 0.005859375 0.49609375 0.015625 0.4921875 0.015625 0.484375 0.0078125 0.482421875 0.001953125
2 0.1171875 0.06640625 0.126953125 0.076171875 0.12890625 0.08203125 0.140625 0.095703125 0.15234375 0.115234375 0.15234375 0.119140625 0.16015625 0.126953125 0.166015625 0.140625 0.181640625 0.16015625 0.181640625 0.1640625 0.189453125 0.171875 0.1953125 0.18359375 0.19921875 0.1953125 0.19921875 0.20703125 0.197265625 0.208984375 0.197265625 0.216796875 0.189453125 0.228515625 0.1796875 0.228515625 0.171875 0.22265625 0.16796875 0.21484375 0.16015625 0.20703125 0.09375 0.09765625 0.09375 0.087890625 0.099609375 0.080078125 0.1015625 0.0703125 0.109375 0.0625 0.115234375 0.06640625
2 0.3359375 0.962890625 0.341796875 0.962890625 0.345703125 0.966796875 0.349609375 0.974609375 0.357421875 0.982421875 0.359375 0.98828125 0.359375 0.998046875 0.3203125 0.998046875 0.32421875 0.986328125 0.3359375 0.96484375
2 0.197265625 0.984375 0.205078125 0.994140625 0.205078125 0.998046875 0.1796875 0.998046875 0.181640625 0.9921875 0.189453125 0.982421875 0.1953125 0.984375
2 0.296875 0.447265625 0.31640625 0.427734375 0.322265625 0.43359375 0.330078125 0.44921875 0.330078125 0.466796875 0.328125 0.470703125 0.28515625 0.53125 0.28125 0.53125 0.27734375 0.52734375 0.26953125 0.51171875 0.267578125 0.498046875 0.2734375 0.482421875 0.296875 0.44921875
2 0.4765625 0.04296875 0.484375 0.048828125 0.490234375 0.05859375 0.490234375 0.083984375 0.482421875 0.099609375 0.478515625 0.123046875 0.474609375 0.12890625 0.474609375 0.134765625 0.470703125 0.142578125 0.470703125 0.15234375 0.466796875 0.162109375 0.466796875 0.173828125 0.458984375 0.1875 0.458984375 0.19140625 0.455078125 0.1953125 0.44921875 0.193359375 0.4375 0.18359375 0.431640625 0.173828125 0.431640625 0.169921875 0.43359375 0.16796875 0.435546875 0.14453125 0.443359375 0.125 0.4453125 0.10546875 0.44921875 0.09765625 0.44921875 0.08984375 0.453125 0.083984375 0.451171875 0.080078125 0.45703125 0.0703125 0.4609375 0.048828125 0.46875 0.041015625 0.474609375 0.04296875
2 0.3935546875 0.8505859375 0.0859375 0.1953125
2 0.494140625 0.59765625 0.501953125 0.609375 0.501953125 0.619140625 0.498046875 0.625 0.49609375 0.638671875 0.490234375 0.650390625 0.486328125 0.66796875 0.48046875 0.677734375 0.478515625 0.689453125 0.470703125 0.69921875 0.45703125 0.6875 0.453125 0.6796875 0.453125 0.669921875 0.4609375 0.646484375 0.46484375 0.640625 0.46875 0.625 0.47265625 0.619140625 0.47265625 0.61328125 0.48046875 0.591796875 0.486328125 0.58984375 0.4921875 0.59765625
2 0.27239583333333334 0.6990740740740741 0.28020833333333334 0.7018518518518518 0.2864583333333333 0.6972222222222222 0.353125 0.5574074074074074 0.35833333333333334 0.5407407407407407 0.35625 0.5296296296296297 0.3416666666666667 0.5083333333333333 0.33229166666666665 0.5 0.32916666666666666 0.4907407407407407 0.32447916666666665 0.4916666666666667 0.30625 0.537962962962963 0.2484375 0.6583333333333333 0.24895833333333334 0.662037037037037 0.27239583333333334 0.6990740740740741
