0 0.47265625 0.751953125 0.484375 0.765625 0.486328125 0.783203125 0.48046875 0.798828125 0.48046875 0.8046875 0.4765625 0.810546875 0.474609375 0.82421875 0.470703125 0.830078125 0.470703125 0.837890625 0.466796875 0.84375 0.462890625 0.8671875 0.44921875 0.908203125 0.4375 0.900390625 0.42578125 0.888671875 0.42578125 0.880859375 0.427734375 0.87890625 0.431640625 0.85546875 0.435546875 0.84765625 0.4375 0.828125 0.443359375 0.814453125 0.443359375 0.802734375 0.453125 0.77734375 0.453125 0.767578125 0.458984375 0.75390625 0.462890625 0.75 0.46875 0.75 0.470703125 0.751953125
1 0.935546875 0.3671875 0.935546875 0.3828125 0.931640625 0.38671875 0.927734375 0.38671875 0.923828125 0.3828125 0.91796875 0.384765625 0.91796875 0.37890625 0.921875 0.376953125 0.927734375 0.3671875 0.931640625 0.365234375 0.93359375 0.3671875
1 0.955078125 0.392578125 0.95703125 0.39453125 0.958984375 0.392578125 0.96484375 0.39453125 0.96875 0.40234375 0.966796875 0.412109375 0.962890625 0.416015625 0.95703125 0.4140625 0.95703125 0.40625 0.94921875 0.390625 0.94921875 0.388671875 0.953125 0.392578125
0 0.580078125 0.490234375 0.58984375 0.498046875 0.591796875 0.509765625 0.58984375 0.51171875 0.58984375 0.5234375 0.583984375 0.54296875 0.583984375 0.552734375 0.58203125 0.5546875 0.58203125 0.564453125 0.580078125 0.56640625 0.580078125 0.576171875 0.57421875 0.595703125 0.57421875 0.603515625 0.572265625 0.609375 0.56640625 0.615234375 0.55859375 0.615234375 0.552734375 0.611328125 0.546875 0.6015625 0.546875 0.5859375 0.55078125 0.576171875 0.55078125 0.56640625 0.55859375 0.5390625 0.560546875 0.517578125 0.568359375 0.49609375 0.568359375 0.490234375 0.5703125 0.48828125 0.576171875 0.48828125 0.578125 0.490234375
0 0.4765625 0.7109375 0.47265625 0.697265625 0.474609375 0.6796875 0.48828125 0.654296875 0.490234375 0.64453125 0.5 0.626953125 0.5 0.623046875 0.509765625 0.607421875 0.515625 0.607421875 0.52734375 0.62109375 0.529296875 0.625 0.529296875 0.640625 0.494140625 0.720703125 0.486328125 0.720703125 0.478515625 0.7109375
0 0.708984375 0.3701171875 0.0361328125 0.1162109375
0 0.763671875 0.08984375 0.7734375 0.099609375 0.7734375 0.115234375 0.771484375 0.1171875 0.771484375 0.12890625 0.767578125 0.142578125 0.765625 0.169921875 0.755859375 0.205078125 0.751953125 0.2109375 0.744140625 0.21484375 0.732421875 0.208984375 0.728515625 0.201171875 0.7265625 0.189453125 0.73046875 0.1796875 0.734375 0.150390625 0.73828125 0.140625 0.73828125 0.12890625 0.7421875 0.119140625 0.7421875 0.107421875 0.74609375 0.095703125 0.751953125 0.087890625 0.759765625 0.087890625 0.76171875 0.08984375
0 0.6015625 0.259765625 0.611328125 0.26953125 0.615234375 0.283203125 0.591796875 0.3359375 0.587890625 0.349609375 0.578125 0.3671875 0.572265625 0.3671875 0.560546875 0.3515625 0.560546875 0.330078125 0.5703125 0.314453125 0.5703125 0.310546875 0.58203125 0.2890625 0.58203125 0.28515625 0.59375 0.259765625 0.595703125 0.2578125 0.599609375 0.259765625
0 0.11666666666666667 0.8592592592592593 0.14322916666666666 0.9009259259259259 0.16822916666666665 0.9203703703703704 0.17864583333333334 0.9157407407407407 0.18854166666666666 0.899074074074074 0.19114583333333332 0.874074074074074 0.18958333333333333 0.8638888888888889 0.17708333333333334 0.8481481481481481 0.15 0.8018518518518518 0.14427083333333332 0.7833333333333333 0.1265625 0.7592592592592593 0.11562499999999999 0.7537037037037037 0.10208333333333333 0.762962962962963 0.0875 0.7898148148148147 0.08645833333333333 0.8027777777777778 0.11666666666666667 0.8592592592592593
0 0.76875 0.06666666666666665 0.775 0.0712962962962963 0.7838541666666666 0.0703703703703703 0.8046875 0.051851851851851816 0.859375 0.014814814814814725 0.865625 0.0009259259259258856 0.7744791666666666 0.0009259259259258856 0.7630208333333334 0.021296296296296258 0.7619791666666667 0.040740740740740744 0.76875 0.06666666666666665
