0 0.4560546875 0.169921875 0.0615234375 0.1591796875
1 0.931640625 0.611328125 0.935546875 0.615234375 0.935546875 0.630859375 0.931640625 0.6328125 0.91796875 0.619140625 0.91796875 0.61328125 0.923828125 0.615234375 0.9296875 0.611328125
1 0.962890625 0.58203125 0.966796875 0.5859375 0.96875 0.595703125 0.96484375 0.603515625 0.9609375 0.60546875 0.95703125 0.603515625 0.94921875 0.609375 0.95703125 0.591796875 0.95703125 0.583984375 0.9609375 0.58203125
0 0.56640625 0.3828125 0.572265625 0.388671875 0.57421875 0.39453125 0.57421875 0.40234375 0.576171875 0.404296875 0.580078125 0.431640625 0.58203125 0.43359375 0.58203125 0.443359375 0.583984375 0.4453125 0.583984375 0.455078125 0.587890625 0.46484375 0.58984375 0.486328125 0.591796875 0.48828125 0.58984375 0.5 0.576171875 0.509765625 0.5703125 0.509765625 0.568359375 0.5078125 0.568359375 0.501953125 0.560546875 0.48046875 0.560546875 0.470703125 0.55859375 0.46875 0.55859375 0.458984375 0.55078125 0.431640625 0.55078125 0.421875 0.546875 0.412109375 0.546875 0.396484375 0.5546875 0.384765625 0.564453125 0.3828125
0 0.494140625 0.27734375 0.529296875 0.357421875 0.529296875 0.373046875 0.515625 0.390625 0.509765625 0.390625 0.50390625 0.3828125 0.47265625 0.310546875 0.47265625 0.30078125 0.4765625 0.287109375 0.486328125 0.27734375 0.4921875 0.27734375
0 0.712890625 0.572265625 0.720703125 0.583984375 0.72265625 0.625 0.724609375 0.626953125 0.724609375 0.68359375 0.72265625 0.685546875 0.7109375 0.685546875 0.708984375 0.6875 0.703125 0.6875 0.6953125 0.681640625 0.69140625 0.58203125 0.697265625 0.57421875 0.7109375 0.572265625
0 0.744140625 0.783203125 0.75390625 0.7890625 0.76171875 0.810546875 0.76171875 0.818359375 0.765625 0.828125 0.767578125 0.85546875 0.771484375 0.869140625 0.771484375 0.880859375 0.7734375 0.8828125 0.7734375 0.8984375 0.771484375 0.90234375 0.759765625 0.91015625 0.751953125 0.91015625 0.748046875 0.90625 0.7421875 0.890625 0.73828125 0.857421875 0.734375 0.84765625 0.734375 0.837890625 0.7265625 0.80859375 0.728515625 0.796875 0.732421875 0.7890625 0.73828125 0.78515625 0.7421875 0.78515625
0 0.5869140625 0.685546875 0.056640625 0.111328125
0 0.1265625 0.24074074074074076 0.14427083333333332 0.21666666666666667 0.15 0.19814814814814816 0.17708333333333334 0.15185185185185185 0.18958333333333333 0.13611111111111113 0.19114583333333332 0.12592592592592594 0.18854166666666666 0.10092592592592593 0.17864583333333334 0.08425925925925926 0.16822916666666665 0.07962962962962963 0.14322916666666666 0.09907407407407408 0.11666666666666667 0.14074074074074075 0.08645833333333333 0.19722222222222224 0.0875 0.2101851851851852 0.10208333333333333 0.23703703703703705 0.11562499999999999 0.24629629629629632 0.1265625 0.24074074074074076
0 0.859375 0.9851851851851853 0.8046875 0.9481481481481482 0.7838541666666666 0.9296296296296297 0.775 0.9287037037037037 0.76875 0.9333333333333333 0.7619791666666667 0.9592592592592593 0.7630208333333334 0.9787037037037037 0.7744791666666666 0.9990740740740741 0.865625 0.9990740740740741 0.859375 0.9851851851851853
