3 0.90234375 0.490234375 0.919921875 0.484375 0.92578125 0.4921875 0.921875 0.505859375 0.91796875 0.505859375 0.912109375 0.49609375 0.908203125 0.4921875 0.904296875 0.4921875
3 0.95703125 0.46484375 0.966796875 0.470703125 0.966796875 0.478515625 0.962890625 0.486328125 0.9609375 0.48828125 0.953125 0.48828125 0.94921875 0.494140625 0.94921875 0.48828125 0.953125 0.482421875 0.953125 0.47265625 0.95703125 0.466796875
2 0.564453125 0.255859375 0.572265625 0.259765625 0.578125 0.27734375 0.58203125 0.310546875 0.583984375 0.3125 0.583984375 0.322265625 0.5859375 0.32421875 0.58984375 0.357421875 0.591796875 0.359375 0.591796875 0.373046875 0.58984375 0.376953125 0.58203125 0.3828125 0.5703125 0.38671875 0.5625 0.361328125 0.55859375 0.328125 0.5546875 0.318359375 0.55078125 0.287109375 0.548828125 0.28515625 0.548828125 0.2734375 0.5546875 0.26171875 0.55859375 0.2578125 0.5625 0.2578125
2 0.72265625 0.685546875 0.7265625 0.671875 0.73828125 0.6640625 0.744140625 0.6640625 0.751953125 0.671875 0.755859375 0.68359375 0.755859375 0.693359375 0.759765625 0.701171875 0.759765625 0.7109375 0.76171875 0.712890625 0.76171875 0.73046875 0.765625 0.7421875 0.76953125 0.775390625 0.763671875 0.78515625 0.75390625 0.7890625 0.74609375 0.7890625 0.7421875 0.78515625 0.73828125 0.775390625 0.73828125 0.763671875 0.734375 0.75390625 0.734375 0.740234375 0.732421875 0.73828125 0.73046875 0.720703125 0.7265625 0.712890625 0.724609375 0.6875
2 0.4375 0 0.466796875 0 0.466796875 0.005859375 0.470703125 0.01171875 0.474609375 0.03125 0.48046875 0.04296875 0.48046875 0.056640625 0.48828125 0.076171875 0.48828125 0.099609375 0.486328125 0.10546875 0.47265625 0.1171875 0.462890625 0.115234375 0.45703125 0.09765625 0.455078125 0.080078125 0.44921875 0.0703125 0.44921875 0.05859375 0.4453125 0.048828125 0.4453125 0.0390625 0.4375 0.015625 0.4375 0.001953125
2 0.712890625 0.453125 0.716796875 0.45703125 0.716796875 0.4609375 0.720703125 0.466796875 0.72265625 0.51171875 0.724609375 0.513671875 0.72265625 0.517578125 0.72265625 0.560546875 0.720703125 0.5625 0.705078125 0.5625 0.703125 0.564453125 0.693359375 0.560546875 0.69140625 0.458984375 0.697265625 0.453125 0.703125 0.451171875 0.708984375 0.451171875 0.7109375 0.453125
2 0.576171875 0.509765625 0.583984375 0.521484375 0.591796875 0.544921875 0.595703125 0.548828125 0.599609375 0.5625 0.611328125 0.5859375 0.611328125 0.59765625 0.595703125 0.6171875 0.587890625 0.611328125 0.58203125 0.591796875 0.568359375 0.5703125 0.568359375 0.564453125 0.55859375 0.544921875 0.55859375 0.53515625 0.556640625 0.533203125 0.55859375 0.53125 0.55859375 0.5234375 0.568359375 0.509765625 0.57421875 0.509765625
2 0.494140625 0.146484375 0.498046875 0.150390625 0.505859375 0.166015625 0.505859375 0.169921875 0.509765625 0.173828125 0.51171875 0.18359375 0.51953125 0.197265625 0.533203125 0.234375 0.529296875 0.248046875 0.515625 0.263671875 0.505859375 0.255859375 0.49609375 0.2265625 0.484375 0.205078125 0.482421875 0.197265625 0.4765625 0.189453125 0.4765625 0.1640625 0.484375 0.150390625 0.4921875 0.146484375
2 0.7958333333333333 0.9 0.8427083333333333 0.9314814814814815 0.8520833333333333 0.9324074074074075 0.8619791666666666 0.8851851851851852 0.8578125 0.8712962962962963 0.7791666666666667 0.812962962962963 0.765625 0.812962962962963 0.7598958333333333 0.8277777777777778 0.7567708333333333 0.8444444444444444 0.7572916666666667 0.8537037037037037 0.7614583333333333 0.8694444444444445 0.7677083333333333 0.8768518518518519 0.7958333333333333 0.9
2 0.17395833333333333 0.032407407407407406 0.18541666666666667 0.009259259259259259 0.19322916666666667 0.005555555555555556 0.1953125 0 0.12239583333333333 0 0.09114583333333333 0.05648148148148149 0.0921875 0.06759259259259259 0.1 0.08518518518518518 0.11614583333333334 0.10370370370370371 0.1515625 0.06296296296296297 0.17395833333333333 0.032407407407407406
