1 0.611328125 0.09765625 0.615234375 0.099609375 0.615234375 0.10546875 0.6171875 0.107421875 0.615234375 0.119140625 0.609375 0.119140625 0.607421875 0.1171875 0.607421875 0.10546875 0.611328125 0.099609375
0 0.544921875 0.6953125 0.5625 0.7109375 0.564453125 0.71484375 0.564453125 0.728515625 0.5625 0.73046875 0.5625 0.740234375 0.5546875 0.759765625 0.552734375 0.77734375 0.54296875 0.8046875 0.54296875 0.810546875 0.5390625 0.8203125 0.5390625 0.830078125 0.537109375 0.8359375 0.529296875 0.845703125 0.521484375 0.845703125 0.509765625 0.8359375 0.505859375 0.826171875 0.505859375 0.8125 0.51171875 0.791015625 0.515625 0.78515625 0.51953125 0.76171875 0.52734375 0.7421875 0.52734375 0.73046875 0.53125 0.724609375 0.53125 0.716796875 0.53515625 0.7109375 0.5390625 0.697265625 0.54296875 0.6953125
0 0.833984375 0.685546875 0.845703125 0.705078125 0.8515625 0.7109375 0.859375 0.728515625 0.865234375 0.734375 0.87109375 0.748046875 0.875 0.75 0.884765625 0.771484375 0.890625 0.77734375 0.904296875 0.80078125 0.900390625 0.81640625 0.890625 0.833984375 0.87890625 0.83203125 0.8671875 0.8203125 0.859375 0.806640625 0.853515625 0.80078125 0.837890625 0.76953125 0.822265625 0.75 0.8203125 0.7421875 0.814453125 0.732421875 0.80859375 0.728515625 0.80078125 0.712890625 0.80078125 0.68359375 0.810546875 0.671875 0.8203125 0.671875 0.83203125 0.685546875
0 0.4140625 0.431640625 0.4296875 0.44140625 0.4453125 0.4453125 0.451171875 0.44921875 0.453125 0.453125 0.453125 0.46875 0.451171875 0.470703125 0.451171875 0.484375 0.447265625 0.4921875 0.4375 0.4921875 0.4296875 0.486328125 0.396484375 0.478515625 0.38671875 0.46875 0.38671875 0.443359375 0.390625 0.431640625 0.39453125 0.427734375 0.412109375 0.431640625
0 0.431640625 0.982421875 0.44140625 0.990234375 0.443359375 0.998046875 0.41796875 0.998046875 0.419921875 0.986328125 0.423828125 0.982421875 0.4296875 0.982421875
0 0.498046875 0.875 0.505859375 0.875 0.517578125 0.892578125 0.51953125 0.8984375 0.517578125 0.91796875 0.513671875 0.923828125 0.513671875 0.927734375 0.509765625 0.931640625 0.5078125 0.943359375 0.494140625 0.966796875 0.4921875 0.9765625 0.484375 0.9921875 0.478515625 0.998046875 0.474609375 0.99609375 0.46875 0.990234375 0.4609375 0.9765625 0.4609375 0.962890625 0.462890625 0.9609375 0.46484375 0.947265625 0.478515625 0.923828125 0.48828125 0.89453125 0.498046875 0.876953125
0 0.5244140625 0.24609375 0.0517578125 0.11328125
0 0.71484375 0.36328125 0.7265625 0.375 0.732421875 0.392578125 0.73046875 0.404296875 0.71875 0.423828125 0.7109375 0.431640625 0.708984375 0.4375 0.6875 0.46484375 0.68359375 0.466796875 0.67578125 0.4609375 0.66796875 0.443359375 0.66796875 0.4296875 0.68359375 0.404296875 0.697265625 0.388671875 0.69921875 0.3828125 0.712890625 0.365234375
0 0.5651041666666667 0.10555555555555556 0.5692708333333334 0.11574074074074074 0.5880208333333333 0.13796296296296298 0.5911458333333333 0.13703703703703704 0.6083333333333334 0.10555555555555556 0.6109375 0.08796296296296297 0.6447916666666667 0.002777777777777778 0.6447916666666667 0 0.6005208333333334 0 0.5916666666666667 0.018518518518518517 0.5765625000000001 0.075 0.5651041666666667 0.10555555555555556
0 0.7307291666666667 0.19074074074074074 0.7223958333333333 0.19074074074074074 0.7151041666666667 0.19907407407407407 0.684375 0.2675925925925926 0.6447916666666667 0.3462962962962963 0.6427083333333333 0.35555555555555557 0.64375 0.36388888888888893 0.6713541666666667 0.4027777777777778 0.6770833333333333 0.40185185185185185 0.6916666666666667 0.3601851851851852 0.7526041666666666 0.2351851851851852 0.7536458333333333 0.22685185185185186 0.746875 0.21481481481481482 0.7307291666666667 0.19074074074074074
