3 0.7109375 0.0859375 0.724609375 0.076171875 0.728515625 0.078125 0.7265625 0.080078125 0.724609375 0.095703125 0.716796875 0.109375 0.70703125 0.109375 0.69921875 0.115234375 0.69921875 0.107421875 0.703125 0.1015625 0.703125 0.09765625 0.7109375 0.087890625
3 0.69921875 0.111328125 0.712890625 0.109375 0.716796875 0.119140625 0.71484375 0.134765625 0.70703125 0.150390625 0.701171875 0.154296875 0.69921875 0.150390625 0.69921875 0.1328125 0.6953125 0.126953125 0.6953125 0.119140625 0.69921875 0.11328125
3 0.69140625 0.0546875 0.703125 0.056640625 0.69921875 0.0625 0.69921875 0.08203125 0.693359375 0.09375 0.693359375 0.103515625 0.69140625 0.103515625 0.689453125 0.091796875 0.68359375 0.087890625 0.685546875 0.064453125 0.69140625 0.056640625
2 0.744140625 0.892578125 0.75390625 0.8984375 0.763671875 0.927734375 0.763671875 0.951171875 0.76953125 0.96484375 0.767578125 0.970703125 0.767578125 0.99609375 0.765625 0.998046875 0.724609375 0.998046875 0.72265625 0.99609375 0.720703125 0.970703125 0.71875 0.96875 0.71875 0.951171875 0.71484375 0.943359375 0.71484375 0.912109375 0.720703125 0.896484375 0.7421875 0.892578125
2 0.12890625 0.90234375 0.13671875 0.908203125 0.138671875 0.91796875 0.14453125 0.927734375 0.14453125 0.94140625 0.138671875 0.94921875 0.138671875 0.994140625 0.130859375 0.998046875 0.087890625 0.998046875 0.0859375 0.99609375 0.087890625 0.962890625 0.08984375 0.9609375 0.08984375 0.9296875 0.091796875 0.927734375 0.09375 0.9140625 0.103515625 0.90625 0.107421875 0.90625 0.11328125 0.90234375 0.126953125 0.90234375
2 0 0.896484375 0.009765625 0.89453125 0.017578125 0.8984375 0.021484375 0.90234375 0.025390625 0.91796875 0.029296875 0.923828125 0.029296875 0.939453125 0.021484375 0.9609375 0.0234375 0.9921875 0.01953125 0.99609375 0 0.99609375 0 0.8984375
2 0.931640625 0.873046875 0.935546875 0.875 0.947265625 0.890625 0.94921875 0.9296875 0.95703125 0.94921875 0.95703125 0.984375 0.958984375 0.986328125 0.95703125 0.998046875 0.947265625 0.998046875 0.9453125 0.99609375 0.943359375 0.998046875 0.919921875 0.998046875 0.908203125 0.98046875 0.904296875 0.96875 0.90234375 0.947265625 0.900390625 0.9453125 0.90234375 0.931640625 0.896484375 0.916015625 0.896484375 0.89453125 0.90625 0.875 0.9140625 0.87109375 0.927734375 0.87109375 0.9296875 0.873046875
2 0.267578125 0.900390625 0.271484375 0.90625 0.271484375 0.916015625 0.2734375 0.91796875 0.2734375 0.94140625 0.271484375 0.943359375 0.271484375 0.955078125 0.2734375 0.95703125 0.2734375 0.99609375 0.271484375 0.998046875 0.234375 0.998046875 0.234375 0.9765625 0.232421875 0.974609375 0.232421875 0.931640625 0.234375 0.9296875 0.234375 0.916015625 0.240234375 0.90625 0.25 0.8984375 0.263671875 0.8984375 0.265625 0.900390625
2 0.205078125 0.896484375 0.21484375 0.921875 0.21484375 0.935546875 0.212890625 0.9375 0.21484375 0.994140625 0.212890625 0.998046875 0.16796875 0.998046875 0.166015625 0.994140625 0.16796875 0.98828125 0.1640625 0.9765625 0.16796875 0.96484375 0.16796875 0.92578125 0.169921875 0.923828125 0.169921875 0.916015625 0.1796875 0.900390625 0.19140625 0.89453125 0.201171875 0.89453125 0.203125 0.896484375
2 0.86328125 0.876953125 0.875 0.88671875 0.884765625 0.912109375 0.884765625 0.9296875 0.88671875 0.931640625 0.888671875 0.955078125 0.892578125 0.96484375 0.89453125 0.98828125 0.896484375 0.990234375 0.896484375 0.99609375 0.89453125 0.998046875 0.849609375 0.998046875 0.84765625 0.99609375 0.845703125 0.96875 0.841796875 0.95703125 0.841796875 0.94140625 0.83984375 0.939453125 0.83984375 0.9296875 0.8359375 0.923828125 0.8359375 0.900390625 0.845703125 0.880859375 0.85546875 0.876953125 0.861328125 0.876953125
2 0.44140625 0.892578125 0.447265625 0.90234375 0.447265625 0.927734375 0.44921875 0.9296875 0.44921875 0.9453125 0.451171875 0.947265625 0.451171875 0.994140625 0.447265625 0.998046875 0.4140625 0.998046875 0.4140625 0.9921875 0.412109375 0.990234375 0.412109375 0.9609375 0.41015625 0.958984375 0.41015625 0.951171875 0.412109375 0.94921875 0.41015625 0.943359375 0.412109375 0.8984375 0.416015625 0.89453125 0.427734375 0.890625 0.4375 0.890625 0.439453125 0.892578125
