2 0.846050026055237 0.4077849860982391 0.12730067743616466 0.09267840593141798
2 0.23338196977592496 0.7871084337349398 0.05583116206357478 0.18933271547729377
3 0.5832673267326732 0.27009267840593143 0.024564877540385617 0.034420759962928635
3 0.5356227201667535 0.25023169601482853 0.02307972902553413 0.03707136237256719
3 0.48499739447628976 0.1939666357738647 0.026055237102657634 0.030454124189063948
3 0.4898384575299635 0.22640407784986097 0.013397602918186556 0.034420759962928635
3 0.7652787910369984 0.6421316033364226 0.031266284523189164 0.02118628359592215
3 0.5769359041167275 0.7175996292863762 0.017868681605002604 0.03707136237256719
3 0.772725377800938 0.6758943466172381 0.02829077644606566 0.030454124189063948
3 0.771235018238666 0.706339202965709 0.02381969775924961 0.035746061167747915
3 0.8884835852006253 0.7169323447636701 0.03201146430432517 0.02515291936978684
3 0.8862480458572173 0.7440778498609824 0.03201146430432517 0.023827618164967562