3 0.6103515625 0.78515625 0.0126953125 0.0244140625
2 0.392578125 0.4609375 0.388671875 0.455078125 0.38671875 0.439453125 0.384765625 0.4375 0.384765625 0.421875 0.38671875 0.41796875 0.392578125 0.412109375 0.404296875 0.41015625 0.412109375 0.40625 0.419921875 0.40625 0.42578125 0.40234375 0.4375 0.400390625 0.4453125 0.396484375 0.44921875 0.400390625 0.44921875 0.408203125 0.451171875 0.41015625 0.451171875 0.44140625 0.431640625 0.44921875 0.42578125 0.44921875 0.421875 0.453125 0.412109375 0.455078125 0.40234375 0.4609375 0.39453125 0.4609375
2 0.494140625 0 0.517578125 0 0.513671875 0.0078125 0.505859375 0.015625 0.501953125 0.015625 0.49609375 0.009765625 0.494140625 0.001953125
2 0.896484375 0.0703125 0.8984375 0.080078125 0.904296875 0.087890625 0.904296875 0.09765625 0.841796875 0.201171875 0.830078125 0.21484375 0.826171875 0.22265625 0.818359375 0.228515625 0.80859375 0.228515625 0.80078125 0.216796875 0.798828125 0.1953125 0.802734375 0.18359375 0.80859375 0.171875 0.81640625 0.1640625 0.81640625 0.16015625 0.83203125 0.140625 0.837890625 0.126953125 0.845703125 0.119140625 0.845703125 0.115234375 0.857421875 0.095703125 0.869140625 0.08203125 0.87109375 0.076171875 0.88671875 0.0625 0.89453125 0.0703125
2 0.638671875 0.998046875 0.640625 0.982421875 0.65625 0.962890625 0.662109375 0.962890625 0.677734375 0.998046875 0.640625 0.998046875
2 0.79296875 0.998046875 0.79296875 0.994140625 0.796875 0.98828125 0.8046875 0.982421875 0.80859375 0.982421875 0.8125 0.986328125 0.818359375 0.998046875 0.794921875 0.998046875
2 0.701171875 0.447265625 0.724609375 0.482421875 0.73046875 0.498046875 0.728515625 0.51171875 0.716796875 0.53125 0.712890625 0.53125 0.70703125 0.525390625 0.705078125 0.51953125 0.68359375 0.4921875 0.6796875 0.482421875 0.66796875 0.466796875 0.66796875 0.44921875 0.67578125 0.43359375 0.681640625 0.427734375 0.69140625 0.435546875 0.69921875 0.447265625
2 0.5380859375 0.12109375 0.060546875 0.15625
2 0.62109375 0.943359375 0.61328125 0.927734375 0.609375 0.91015625 0.5859375 0.861328125 0.58203125 0.837890625 0.578125 0.83203125 0.578125 0.826171875 0.57421875 0.8203125 0.5703125 0.8046875 0.5625 0.787109375 0.5625 0.77734375 0.56640625 0.76953125 0.58203125 0.751953125 0.5859375 0.751953125 0.591796875 0.76171875 0.611328125 0.8203125 0.6171875 0.830078125 0.625 0.85546875 0.6328125 0.869140625 0.634765625 0.880859375 0.638671875 0.884765625 0.638671875 0.888671875 0.642578125 0.89453125 0.642578125 0.900390625 0.646484375 0.90625 0.646484375 0.923828125 0.640625 0.93359375 0.630859375 0.943359375 0.626953125 0.9453125 0.623046875 0.943359375
2 0.5224609375 0.646484375 0.05078125 0.111328125
2 0.6677083333333333 0.5 0.6583333333333333 0.5083333333333333 0.64375 0.5296296296296297 0.6416666666666666 0.5407407407407407 0.646875 0.5574074074074074 0.7135416666666667 0.6972222222222222 0.7197916666666666 0.7018518518518518 0.7276041666666666 0.6990740740740741 0.7510416666666666 0.662037037037037 0.7515625 0.6583333333333333 0.69375 0.537962962962963 0.6755208333333333 0.4916666666666667 0.6708333333333334 0.4907407407407407 0.6677083333333333 0.5
