3 0.115234375 0.115234375 0.11328125 0.095703125 0.1171875 0.091796875 0.12109375 0.09375 0.125 0.103515625 0.125 0.107421875 0.1171875 0.115234375
3 0.048828125 0.1015625 0.052734375 0.10546875 0.052734375 0.115234375 0.05859375 0.123046875 0.05859375 0.134765625 0.056640625 0.126953125 0.052734375 0.123046875 0.048828125 0.125 0.041015625 0.11328125 0.041015625 0.107421875 0.046875 0.1015625
2 0.298828125 0.80078125 0.302734375 0.802734375 0.306640625 0.810546875 0.306640625 0.8203125 0.310546875 0.828125 0.3125 0.84375 0.318359375 0.859375 0.318359375 0.8671875 0.32421875 0.880859375 0.32421875 0.904296875 0.322265625 0.91015625 0.314453125 0.91796875 0.3046875 0.919921875 0.30078125 0.916015625 0.294921875 0.896484375 0.291015625 0.892578125 0.291015625 0.8828125 0.28125 0.849609375 0.28125 0.83984375 0.279296875 0.837890625 0.27734375 0.82421875 0.283203125 0.810546875 0.287109375 0.806640625 0.296875 0.802734375
2 0 0.388671875 0.009765625 0.396484375 0.013671875 0.404296875 0.015625 0.42578125 0.021484375 0.435546875 0.025390625 0.45703125 0.03515625 0.474609375 0.03515625 0.486328125 0.037109375 0.48828125 0.037109375 0.498046875 0.017578125 0.517578125 0.01171875 0.517578125 0.001953125 0.49609375 0.001953125 0.48828125 0 0.486328125 0 0.390625
2 0.87890625 0.69140625 0.88671875 0.69921875 0.888671875 0.705078125 0.890625 0.73046875 0.8828125 0.748046875 0.8671875 0.765625 0.859375 0.763671875 0.853515625 0.7578125 0.8515625 0.751953125 0.845703125 0.74609375 0.84375 0.73828125 0.8359375 0.724609375 0.861328125 0.69921875 0.865234375 0.69921875 0.876953125 0.69140625
2 0.30078125 0.080078125 0.3125 0.091796875 0.3125 0.1328125 0.310546875 0.134765625 0.310546875 0.14453125 0.3125 0.146484375 0.3125 0.189453125 0.310546875 0.193359375 0.3046875 0.1953125 0.287109375 0.193359375 0.283203125 0.1875 0.283203125 0.173828125 0.28125 0.171875 0.28125 0.10546875 0.283203125 0.103515625 0.283203125 0.091796875 0.2890625 0.08203125 0.298828125 0.080078125
2 0.505859375 0.912109375 0.515625 0.93359375 0.515625 0.951171875 0.513671875 0.953125 0.513671875 0.958984375 0.5 0.978515625 0.494140625 0.994140625 0.490234375 0.998046875 0.4453125 0.998046875 0.4453125 0.99609375 0.45703125 0.978515625 0.45703125 0.974609375 0.470703125 0.94921875 0.4921875 0.921875 0.494140625 0.9140625 0.5 0.91015625 0.50390625 0.912109375
2 0.4296875 0.130859375 0.4453125 0.146484375 0.4453125 0.171875 0.439453125 0.189453125 0.43359375 0.197265625 0.431640625 0.208984375 0.423828125 0.220703125 0.419921875 0.23828125 0.4140625 0.244140625 0.408203125 0.23828125 0.3984375 0.2265625 0.39453125 0.21875 0.39453125 0.2109375 0.40234375 0.193359375 0.40234375 0.1875 0.4140625 0.162109375 0.4140625 0.154296875 0.423828125 0.134765625 0.427734375 0.1328125
2 0.4140625 0 0.43359375 0 0.431640625 0.0078125 0.419921875 0.005859375 0.412109375 0
2 0.26953125 0.298828125 0.28125 0.3046875 0.28515625 0.3125 0.287109375 0.328125 0.28515625 0.330078125 0.283203125 0.3515625 0.28125 0.353515625 0.28125 0.361328125 0.275390625 0.3828125 0.2734375 0.412109375 0.271484375 0.41796875 0.265625 0.421875 0.248046875 0.416015625 0.244140625 0.41015625 0.2421875 0.400390625 0.244140625 0.3984375 0.244140625 0.380859375 0.24609375 0.37890625 0.24609375 0.357421875 0.248046875 0.35546875 0.248046875 0.34375 0.25 0.341796875 0.25 0.330078125 0.25390625 0.3203125 0.25390625 0.3125 0.259765625 0.30078125 0.26171875 0.298828125 0.267578125 0.298828125
2 0.2520833333333333 0.4518518518518519 0.24479166666666663 0.4462962962962963 0.23854166666666665 0.4462962962962963 0.20885416666666667 0.4620370370370371 0.15729166666666672 0.4981481481481482 0.15468749999999998 0.5055555555555555 0.16562500000000002 0.5509259259259259 0.16822916666666665 0.5555555555555556 0.17395833333333333 0.5555555555555556 0.24479166666666663 0.5101851851851852 0.2557291666666667 0.4981481481481482 0.2588541666666667 0.48703703703703705 0.2583333333333333 0.47314814814814815 0.2520833333333333 0.4518518518518519
