3 0.3896484375 0.21484375 0.0126953125 0.0244140625
2 0.5791015625 0.568359375 0.068359375 0.06640625
2 0.49609375 0.982421875 0.501953125 0.98828125 0.50390625 0.998046875 0.48046875 0.998046875 0.484375 0.990234375 0.494140625 0.982421875
2 0.171875 0.775390625 0.1796875 0.76953125 0.189453125 0.76953125 0.197265625 0.78125 0.19921875 0.802734375 0.189453125 0.826171875 0.181640625 0.833984375 0.181640625 0.837890625 0.166015625 0.857421875 0.16015625 0.87109375 0.15234375 0.87890625 0.15234375 0.8828125 0.140625 0.90234375 0.12890625 0.916015625 0.126953125 0.921875 0.1171875 0.931640625 0.109375 0.935546875 0.1015625 0.927734375 0.099609375 0.91796875 0.09375 0.91015625 0.09375 0.900390625 0.10546875 0.87890625 0.1328125 0.837890625 0.15625 0.796875 0.171875 0.77734375
2 0.3203125 0 0.359375 0 0.357421875 0.015625 0.341796875 0.03515625 0.3359375 0.03515625 0.3203125 0.001953125
2 0.1796875 0 0.205078125 0 0.205078125 0.00390625 0.201171875 0.009765625 0.193359375 0.015625 0.189453125 0.015625 0.185546875 0.01171875 0.181640625 0.005859375 0.181640625 0.001953125
2 0.28515625 0.466796875 0.314453125 0.505859375 0.318359375 0.515625 0.330078125 0.53125 0.330078125 0.548828125 0.322265625 0.564453125 0.31640625 0.5703125 0.296875 0.55078125 0.26953125 0.5078125 0.26953125 0.501953125 0.267578125 0.5 0.26953125 0.486328125 0.27734375 0.470703125 0.283203125 0.466796875
2 0.4375 0.814453125 0.453125 0.802734375 0.458984375 0.806640625 0.458984375 0.810546875 0.466796875 0.82421875 0.466796875 0.8359375 0.470703125 0.845703125 0.470703125 0.85546875 0.474609375 0.86328125 0.474609375 0.869140625 0.48046875 0.8828125 0.48046875 0.892578125 0.490234375 0.9140625 0.490234375 0.939453125 0.484375 0.94921875 0.47265625 0.95703125 0.46875 0.95703125 0.4609375 0.94921875 0.45703125 0.927734375 0.451171875 0.91796875 0.453125 0.9140625 0.44921875 0.908203125 0.44921875 0.900390625 0.4453125 0.892578125 0.443359375 0.873046875 0.435546875 0.853515625 0.431640625 0.82421875 0.4375 0.81640625
2 0.376953125 0.0546875 0.384765625 0.0703125 0.388671875 0.087890625 0.412109375 0.13671875 0.416015625 0.16015625 0.419921875 0.166015625 0.419921875 0.171875 0.423828125 0.177734375 0.427734375 0.193359375 0.435546875 0.2109375 0.435546875 0.220703125 0.431640625 0.228515625 0.416015625 0.24609375 0.412109375 0.24609375 0.40625 0.236328125 0.38671875 0.177734375 0.380859375 0.16796875 0.373046875 0.142578125 0.365234375 0.12890625 0.36328125 0.1171875 0.359375 0.11328125 0.359375 0.109375 0.35546875 0.103515625 0.35546875 0.09765625 0.3515625 0.091796875 0.3515625 0.07421875 0.357421875 0.064453125 0.3671875 0.0546875 0.37109375 0.052734375 0.375 0.0546875
2 0.4775390625 0.353515625 0.05078125 0.111328125
2 0.30625 0.4620370370370371 0.32447916666666665 0.5083333333333333 0.32916666666666666 0.5092592592592593 0.33229166666666665 0.5 0.3416666666666667 0.4916666666666667 0.35625 0.4703703703703704 0.35833333333333334 0.45925925925925926 0.353125 0.4425925925925926 0.2864583333333333 0.3027777777777778 0.28020833333333334 0.29814814814814816 0.27239583333333334 0.30092592592592593 0.24895833333333334 0.33796296296296297 0.2484375 0.3416666666666667 0.30625 0.4620370370370371
