3 0.8798828125 0.1044921875 0.013671875 0.025390625
3 0.953125 0.1015625 0.95703125 0.107421875 0.95703125 0.11328125 0.94921875 0.125 0.9453125 0.123046875 0.94140625 0.126953125 0.939453125 0.134765625 0.939453125 0.123046875 0.9453125 0.115234375 0.9453125 0.10546875 0.951171875 0.1015625
2 0.69921875 0.80078125 0.71484375 0.810546875 0.720703125 0.82421875 0.720703125 0.830078125 0.70703125 0.8828125 0.70703125 0.892578125 0.703125 0.896484375 0.697265625 0.916015625 0.693359375 0.919921875 0.6875 0.919921875 0.67578125 0.91015625 0.673828125 0.904296875 0.673828125 0.880859375 0.6796875 0.8671875 0.6796875 0.859375 0.685546875 0.84375 0.6875 0.828125 0.69140625 0.8203125 0.69140625 0.810546875 0.6953125 0.802734375 0.697265625 0.802734375
2 0.998046875 0.388671875 0.998046875 0.486328125 0.99609375 0.48828125 0.99609375 0.49609375 0.986328125 0.517578125 0.98046875 0.517578125 0.966796875 0.505859375 0.9609375 0.498046875 0.9609375 0.48828125 0.962890625 0.486328125 0.962890625 0.474609375 0.96875 0.466796875 0.96875 0.462890625 0.97265625 0.45703125 0.9765625 0.435546875 0.982421875 0.42578125 0.984375 0.404296875 0.98828125 0.396484375 0.99609375 0.390625
2 0.123046875 0.69140625 0.1328125 0.69921875 0.13671875 0.69921875 0.162109375 0.724609375 0.154296875 0.73828125 0.15234375 0.74609375 0.146484375 0.751953125 0.14453125 0.7578125 0.134765625 0.765625 0.130859375 0.765625 0.115234375 0.748046875 0.107421875 0.73046875 0.107421875 0.71484375 0.109375 0.712890625 0.111328125 0.69921875 0.12109375 0.69140625
2 0.705078125 0.080078125 0.712890625 0.0859375 0.71484375 0.103515625 0.716796875 0.10546875 0.716796875 0.171875 0.71484375 0.173828125 0.71484375 0.1875 0.7109375 0.193359375 0.705078125 0.1953125 0.693359375 0.1953125 0.6875 0.193359375 0.685546875 0.189453125 0.685546875 0.146484375 0.6875 0.14453125 0.6875 0.134765625 0.685546875 0.1328125 0.685546875 0.091796875 0.693359375 0.08203125 0.703125 0.080078125
2 0.501953125 0.912109375 0.509765625 0.927734375 0.52734375 0.94921875 0.552734375 0.998046875 0.5078125 0.998046875 0.50390625 0.994140625 0.50390625 0.990234375 0.484375 0.958984375 0.484375 0.953125 0.482421875 0.951171875 0.482421875 0.93359375 0.490234375 0.91796875 0.490234375 0.9140625 0.49609375 0.91015625 0.5 0.912109375
2 0.568359375 0.130859375 0.57421875 0.134765625 0.583984375 0.154296875 0.583984375 0.162109375 0.587890625 0.16796875 0.603515625 0.2109375 0.603515625 0.21875 0.58984375 0.23828125 0.583984375 0.244140625 0.578125 0.23828125 0.57421875 0.220703125 0.56640625 0.208984375 0.564453125 0.197265625 0.55859375 0.189453125 0.552734375 0.171875 0.552734375 0.146484375 0.56640625 0.1328125
2 0.564453125 0 0.5859375 0 0.578125 0.005859375 0.572265625 0.005859375 0.5703125 0.0078125 0.56640625 0.0078125 0.564453125 0.001953125
2 0.736328125 0.298828125 0.744140625 0.3125 0.744140625 0.3203125 0.748046875 0.330078125 0.748046875 0.341796875 0.75 0.34375 0.75 0.35546875 0.751953125 0.357421875 0.75390625 0.3984375 0.755859375 0.400390625 0.751953125 0.4140625 0.736328125 0.421875 0.728515625 0.419921875 0.724609375 0.412109375 0.72265625 0.3828125 0.720703125 0.380859375 0.720703125 0.373046875 0.71484375 0.3515625 0.71484375 0.33984375 0.7109375 0.328125 0.712890625 0.3125 0.716796875 0.3046875 0.728515625 0.298828125 0.734375 0.298828125
2 0.7442708333333333 0.4981481481481482 0.7552083333333334 0.5101851851851852 0.8260416666666667 0.5555555555555556 0.8317708333333333 0.5555555555555556 0.834375 0.5509259259259259 0.8453125 0.5055555555555555 0.8427083333333333 0.4981481481481482 0.7911458333333333 0.4620370370370371 0.7614583333333333 0.4462962962962963 0.7552083333333334 0.4462962962962963 0.7479166666666667 0.4518518518518519 0.7416666666666667 0.47314814814814815 0.7411458333333333 0.48703703703703705 0.7442708333333333 0.4981481481481482
