3 0.083984375 0.486328125 0.095703125 0.490234375 0.08984375 0.4921875 0.080078125 0.505859375 0.07421875 0.50390625 0.072265625 0.4921875 0.078125 0.484375 0.08203125 0.486328125
3 0.048828125 0.494140625 0.044921875 0.48828125 0.037109375 0.48828125 0.03125 0.478515625 0.03125 0.470703125 0.041015625 0.46484375 0.044921875 0.47265625 0.044921875 0.482421875 0.048828125 0.48828125 0.048828125 0.4921875
2 0.43359375 0.255859375 0.443359375 0.26171875 0.44921875 0.2734375 0.44921875 0.28515625 0.447265625 0.287109375 0.443359375 0.318359375 0.439453125 0.328125 0.435546875 0.361328125 0.427734375 0.38671875 0.419921875 0.384765625 0.408203125 0.376953125 0.40625 0.373046875 0.40625 0.359375 0.408203125 0.357421875 0.408203125 0.345703125 0.41015625 0.34375 0.41015625 0.333984375 0.4140625 0.322265625 0.416015625 0.298828125 0.41796875 0.296875 0.421875 0.26953125 0.42578125 0.259765625 0.431640625 0.2578125
2 0.263671875 0.666015625 0.271484375 0.671875 0.275390625 0.685546875 0.2734375 0.6875 0.271484375 0.712890625 0.267578125 0.720703125 0.267578125 0.728515625 0.263671875 0.740234375 0.263671875 0.75390625 0.259765625 0.763671875 0.259765625 0.775390625 0.255859375 0.78515625 0.251953125 0.7890625 0.244140625 0.7890625 0.234375 0.78515625 0.228515625 0.775390625 0.228515625 0.765625 0.23046875 0.763671875 0.232421875 0.7421875 0.236328125 0.73046875 0.236328125 0.712890625 0.23828125 0.7109375 0.23828125 0.701171875 0.2421875 0.693359375 0.2421875 0.68359375 0.24609375 0.671875 0.25390625 0.6640625 0.259765625 0.6640625 0.26171875 0.666015625
2 0.53125 0 0.560546875 0 0.560546875 0.015625 0.552734375 0.0390625 0.552734375 0.048828125 0.548828125 0.05859375 0.548828125 0.0703125 0.54296875 0.080078125 0.54296875 0.087890625 0.541015625 0.08984375 0.537109375 0.111328125 0.53125 0.1171875 0.525390625 0.1171875 0.51953125 0.11328125 0.51171875 0.10546875 0.509765625 0.099609375 0.509765625 0.076171875 0.517578125 0.056640625 0.517578125 0.04296875 0.5234375 0.03125 0.5234375 0.025390625 0.53125 0.001953125
2 0.29296875 0.5078125 0.03515625 0.1142578125
2 0.4296875 0.509765625 0.439453125 0.5234375 0.439453125 0.53125 0.44140625 0.533203125 0.439453125 0.53515625 0.439453125 0.544921875 0.4296875 0.564453125 0.4296875 0.5703125 0.416015625 0.591796875 0.41015625 0.611328125 0.40234375 0.6171875 0.38671875 0.59765625 0.38671875 0.5859375 0.3984375 0.5625 0.40234375 0.548828125 0.40625 0.544921875 0.41796875 0.513671875 0.421875 0.509765625 0.427734375 0.509765625
2 0.5078125 0.146484375 0.513671875 0.150390625 0.521484375 0.1640625 0.521484375 0.189453125 0.515625 0.197265625 0.513671875 0.205078125 0.501953125 0.2265625 0.501953125 0.23046875 0.494140625 0.24609375 0.494140625 0.251953125 0.484375 0.263671875 0.47265625 0.25390625 0.466796875 0.244140625 0.46484375 0.234375 0.478515625 0.197265625 0.486328125 0.18359375 0.48828125 0.173828125 0.4921875 0.169921875 0.4921875 0.166015625 0.5 0.150390625 0.505859375 0.146484375
2 0.234375 0.812962962962963 0.22083333333333333 0.812962962962963 0.14218750000000002 0.8712962962962963 0.13802083333333337 0.8851851851851852 0.1479166666666667 0.9324074074074075 0.15729166666666672 0.9314814814814815 0.20416666666666672 0.9 0.23229166666666667 0.8768518518518519 0.23854166666666665 0.8694444444444445 0.2427083333333333 0.8537037037037037 0.24322916666666672 0.8444444444444444 0.24010416666666667 0.8277777777777778 0.234375 0.812962962962963
2 0.8260416666666667 0.032407407407407406 0.8484375 0.06296296296296297 0.8838541666666666 0.10370370370370371 0.9 0.08518518518518518 0.9078125 0.06759259259259259 0.9088541666666666 0.05648148148148149 0.8776041666666666 0 0.8046875 0 0.8067708333333333 0.005555555555555556 0.8145833333333333 0.009259259259259259 0.8260416666666667 0.032407407407407406
