3 0.8828125 0.8828125 0.884765625 0.90234375 0.880859375 0.90625 0.876953125 0.904296875 0.873046875 0.89453125 0.873046875 0.890625 0.880859375 0.8828125
3 0.939453125 0.865234375 0.94140625 0.87109375 0.9453125 0.875 0.94921875 0.873046875 0.95703125 0.884765625 0.955078125 0.89453125 0.94921875 0.896484375 0.9453125 0.892578125 0.9453125 0.8828125 0.939453125 0.875 0.939453125 0.8671875
2 0.6953125 0.1953125 0.69140625 0.1875 0.69140625 0.177734375 0.6875 0.169921875 0.685546875 0.154296875 0.6796875 0.138671875 0.6796875 0.130859375 0.673828125 0.1171875 0.673828125 0.09375 0.67578125 0.087890625 0.6875 0.078125 0.693359375 0.078125 0.697265625 0.08203125 0.703125 0.1015625 0.70703125 0.10546875 0.70703125 0.115234375 0.720703125 0.16796875 0.720703125 0.173828125 0.71484375 0.1875 0.69921875 0.197265625 0.697265625 0.1953125
2 0.998046875 0.609375 0.98828125 0.6015625 0.984375 0.59375 0.982421875 0.572265625 0.9765625 0.5625 0.97265625 0.541015625 0.962890625 0.5234375 0.962890625 0.51171875 0.9609375 0.509765625 0.9609375 0.5 0.98046875 0.48046875 0.986328125 0.48046875 0.99609375 0.501953125 0.99609375 0.509765625 0.998046875 0.51171875 0.998046875 0.607421875
2 0.138671875 0.234375 0.15234375 0.251953125 0.154296875 0.259765625 0.162109375 0.2734375 0.13671875 0.298828125 0.1328125 0.298828125 0.123046875 0.306640625 0.119140625 0.306640625 0.111328125 0.298828125 0.109375 0.28515625 0.107421875 0.283203125 0.107421875 0.267578125 0.115234375 0.25 0.123046875 0.240234375 0.130859375 0.232421875 0.13671875 0.234375
2 0.6875 0.8046875 0.693359375 0.802734375 0.7109375 0.8046875 0.71484375 0.810546875 0.71484375 0.82421875 0.716796875 0.826171875 0.716796875 0.892578125 0.71484375 0.89453125 0.71484375 0.90625 0.712890625 0.912109375 0.705078125 0.91796875 0.693359375 0.916015625 0.685546875 0.90625 0.685546875 0.865234375 0.6875 0.86328125 0.6875 0.853515625 0.685546875 0.8515625 0.685546875 0.80859375 0.6875 0.806640625
2 0.517578125 0.0458984375 0.072265625 0.091796875
2 0.568359375 0.8671875 0.552734375 0.8515625 0.552734375 0.826171875 0.55859375 0.80859375 0.564453125 0.80078125 0.56640625 0.7890625 0.57421875 0.77734375 0.578125 0.759765625 0.583984375 0.75390625 0.58984375 0.759765625 0.599609375 0.771484375 0.603515625 0.779296875 0.603515625 0.787109375 0.595703125 0.8046875 0.595703125 0.810546875 0.583984375 0.8359375 0.583984375 0.84375 0.57421875 0.86328125 0.5703125 0.865234375
2 0.578125 0.9921875 0.5859375 0.998046875 0.564453125 0.998046875 0.56640625 0.990234375 0.576171875 0.9921875
2 0.74609375 0.580078125 0.751953125 0.583984375 0.755859375 0.59765625 0.75390625 0.599609375 0.751953125 0.640625 0.75 0.642578125 0.748046875 0.66796875 0.744140625 0.677734375 0.744140625 0.685546875 0.736328125 0.69921875 0.728515625 0.69921875 0.716796875 0.693359375 0.712890625 0.685546875 0.7109375 0.669921875 0.712890625 0.66796875 0.71484375 0.646484375 0.716796875 0.64453125 0.716796875 0.63671875 0.72265625 0.615234375 0.72265625 0.59765625 0.724609375 0.595703125 0.7265625 0.580078125 0.732421875 0.576171875 0.744140625 0.580078125
2 0.7479166666666667 0.548148148148148 0.7552083333333334 0.5537037037037037 0.7614583333333333 0.5537037037037037 0.7911458333333333 0.537962962962963 0.8427083333333333 0.5018518518518518 0.8453125 0.49444444444444446 0.834375 0.44907407407407407 0.8317708333333333 0.4444444444444444 0.8260416666666667 0.4444444444444444 0.7552083333333334 0.4898148148148148 0.7442708333333333 0.5018518518518518 0.7411458333333333 0.512962962962963 0.7416666666666667 0.5268518518518519 0.7479166666666667 0.548148148148148
